0.000000 -3985071.230000 -1840939.640000 5146100.910000 4650.370000 -5922.570000 1476.360000 
86401.000000 622292.853509 4834145.482363 -4689458.146017 -6197.293956 3541.640529 2820.341445 
172802.000000 2705397.423195 -5927637.488362 1805694.882022 5142.846891 619.971921 -5672.337330 
259203.000000 -4695549.710229 4425579.540176 2039653.764256 -2137.255789 -4835.056885 5564.045091 
345604.000000 4678464.301024 -767759.438551 -4818568.469781 -1431.673818 7109.313281 -2523.726959 
432005.000000 -2889609.886619 -3449904.287916 5047555.375855 4138.105842 -6189.437378 -1864.266631 
518406.000000 154968.687072 6258286.095169 -2563713.861657 -5082.128972 2293.050827 5276.935356 
604807.000000 2429578.954639 -6171448.019160 -1310011.055703 4088.078639 2852.775262 -5845.548444 
691208.000000 -3989799.691147 3113844.329325 4488319.771531 -1657.385508 -6767.057812 3216.422798 
777609.000000 4040441.210155 1523237.533219 -5200875.872617 -1283.413366 7475.604108 1187.593508 
864010.000000 -2615686.222951 -5446892.710524 3035273.344811 3722.422186 -4543.237740 -4946.802683 
950411.000000 173361.279022 6709124.016556 849533.079688 -4809.546403 -628.109195 5951.257359 
1036812.000000 2438475.458961 -4647960.710337 -4258061.437010 4069.113695 5431.880409 -3595.205762 
1123213.000000 -4237698.292661 345621.009726 5258698.590030 -1618.838868 -7456.575169 -815.948634 
1209614.000000 4377066.346621 4011918.994555 -3233918.610733 -1736.573958 5755.192207 4778.541785 
1296015.000000 -2573493.020978 -6216888.326716 -663946.672904 4642.955717 -1279.485224 -5984.182156 
1382416.000000 -626662.717252 5265794.440723 4197179.192889 -5676.316283 -3617.254360 3688.701349 
1468817.000000 3849563.895027 -1786574.007057 -5258685.776326 4070.600777 6464.189967 782.008442 
1555218.000000 -5477757.686327 -2332883.075623 3206437.665268 -264.362881 -5982.940326 -4804.169985 
1641619.000000 4440795.032876 5038066.112355 786894.416039 -4052.733559 2643.233122 5964.553180 
1728020.000000 -983424.239108 -5114897.840987 -4306553.944361 6612.777742 1696.175986 -3518.019373 
1814421.000000 -3283130.295306 2772289.933450 5220620.414383 -5832.164356 -4869.375942 -1080.572311 
1900822.000000 6058554.001438 663058.504721 -2920934.627290 1828.416773 5507.455525 5033.653271 
1987223.000000 -5665303.018472 -3493561.026170 -1190246.823208 3433.519880 -3558.376449 -5876.538294 
2073624.000000 2080571.119366 4516207.088408 4580173.983278 -7045.924680 160.176184 3043.353177 
2160025.000000 2809964.619576 -3448894.655374 -5084900.866892 6838.164417 3049.726760 1709.955528 
2246426.000000 -6266593.592219 928786.605227 2366137.567667 -2738.820036 -4724.986880 -5396.405319 
2332827.000000 6204302.971900 1904022.512646 1887913.604931 -3020.291306 4255.476721 5637.807174 
2419228.000000 -2584191.061013 -3837482.016800 -4925291.407997 7096.018892 -1904.557928 -2232.856991 
2505629.000000 -2543707.541777 4059942.756385 4770137.930265 -7083.644998 -1333.883011 -2637.302916 
2592030.000000 6146997.641725 -2386352.265417 -1474766.805548 2975.168980 4075.487908 5795.784440 
2678431.000000 -6127391.295894 -547248.539109 -2803593.135753 2793.511198 -4997.670769 -5117.317104 
2764832.000000 2538593.556707 3448877.989772 5228197.552479 -6780.657224 3452.849431 1017.958026 
2851233.000000 2378289.905910 -4782847.794427 -4135484.821426 6691.030644 62.427433 3774.726740 
2937634.000000 -5707362.140507 3619215.545875 233049.680864 -2722.454893 -3906.727780 -6023.836654 
3024035.000000 5549083.967948 -254407.034715 3845889.828959 -2606.508731 5913.225292 4153.288193 
3110436.000000 -2222791.064241 -3584565.735183 -5277261.064402 6094.565800 -4635.210832 585.293775 
3196837.000000 -2151650.391256 5640319.449467 3044027.909176 -5864.549860 431.692867 -4936.453977 
3283238.000000 4963827.885997 -4383319.148386 1334478.250026 2331.188511 4418.030736 5840.887268 
3369639.000000 -4769223.726625 280796.012259 -4779446.730495 2218.471931 -6871.396940 -2609.925816 
3456040.000000 1942480.048300 4309749.604185 4829023.255748 -5151.944574 5119.384295 -2489.293680 
3542441.000000 1694665.424012 -6385152.696502 -1408451.436443 5021.683688 49.140768 5818.500199 
3628842.000000 -4122978.977047 4406757.169063 -3045866.885735 -2185.015265 -5461.648665 -4934.911235 
3715243.000000 4164395.198212 576287.855657 5287028.905579 -1598.175350 7498.251706 445.644480 
3801644.000000 -2008888.836249 -5320586.548913 -3644093.559119 4296.409936 -4622.888519 4382.103532 
3888045.000000 -1117861.958240 6628922.406825 -714189.445429 -4609.637784 -1421.423117 -5975.404544 
3974446.000000 3579322.128264 -3480355.698463 4547617.641712 2465.178188 6583.867827 3098.797393 
4060847.000000 -4116416.746030 -2010787.956406 -4964038.920417 1019.451509 -7311.012348 2118.697611 
4147248.000000 2375192.141152 6121264.908328 1602970.228479 -4055.091698 3082.856209 -5748.285865 
4233649.000000 835641.702491 -5995566.159005 2992845.796613 4919.009606 3173.620997 4979.956560 
4320050.000000 -3788085.503960 1811161.350219 -5292554.845995 -2887.908174 -7104.744506 -360.535044 
4406451.000000 4639933.047739 3471105.038105 3473502.026618 -1131.644835 6080.987982 -4554.434206 
4492852.000000 -2562888.313389 -6155555.667579 1072638.740532 4816.722024 -972.895348 5910.493227 
4579253.000000 -1444971.237649 4541804.364936 -4788969.322551 -5637.295705 -4525.428597 -2586.735840 
4665654.000000 4857829.581942 43148.271789 4690846.548584 2655.768167 6640.163803 -2804.602737 
4752055.000000 -5162358.442628 -4275837.006233 -828473.619778 2492.538108 -4161.681014 5961.021096 
4838456.000000 1766696.233993 5352847.553121 -3725176.096046 -6304.140182 -907.764389 -4290.748395 
4924857.000000 3201190.183969 -2803713.065724 5241088.698544 5797.742285 4962.445475 -883.585386 
5011258.000000 -6145172.465715 -1353090.209848 -2455788.216838 -939.137487 -5436.992152 5347.186371 
5097659.000000 4641978.218130 4290168.358888 -2384986.439284 -4944.194587 2354.312426 -5387.513957 
5184060.000000 476230.594269 -4234419.069217 5235300.147235 7368.416778 1971.116351 923.261102 
5270461.000000 -5451180.732338 1512947.915165 -3690669.526979 -4241.616004 -4718.592609 4329.713841 
5356862.000000 6376095.590628 1991023.749166 -1002357.139442 -2281.435437 4328.107363 -5925.421546 
5443263.000000 -2357839.340848 -4070936.534054 4840898.906441 7176.771671 -1239.358684 2449.124135 
5529664.000000 -3562287.243324 3532676.275356 -4522266.745758 -6525.228589 -2550.732181 3145.567370 
5616065.000000 6709396.897071 -717949.361221 263325.494873 743.275121 4710.392965 -6027.898004 
5702466.000000 -4551704.904380 -2639028.273506 4229921.693623 5593.948262 -3817.143383 3630.693198 
5788867.000000 -1171010.676849 4377608.722803 -5007626.205560 -7415.633962 278.460566 1974.986607 
5875268.000000 5827352.282167 -3140587.494126 1325418.789012 3335.875446 3716.888631 -5843.903574 
5961669.000000 -5721780.910431 -502130.659016 3548926.376329 3251.464932 -5331.055493 4477.999169 
6048070.000000 1096636.832036 4121675.095913 -5235178.365336 -6984.937645 3050.881847 935.824094 
6134471.000000 4151668.452056 -4866519.343674 2153844.871221 5028.789950 1845.573544 -5514.537446 
6220872.000000 -5829804.832803 1776393.210125 2907469.774255 769.650024 -5746.620015 5042.391697 
6307273.000000 2831491.306139 3081505.173120 -5298068.597038 -5571.355536 5285.507199 93.390662 
6393674.000000 2139543.924693 -5777436.548137 2754406.356619 5692.441765 -352.475577 -5155.695983 
6480075.000000 -5068590.074547 3775124.309713 2379025.166262 -1405.944791 -5292.501791 5389.898048 
6566476.000000 3871180.224262 1650349.897613 -5277935.394537 -3594.674870 6768.018390 -523.696601 
6652877.000000 152564.459678 -5965603.555474 3149689.813589 5448.253799 -2424.425068 -4852.711681 
6739278.000000 -3731925.301730 5257765.875888 2008165.358679 -3055.153096 -4305.689306 5582.391274 
6825679.000000 4253727.857908 177960.375202 -5236827.883710 -1426.673998 7494.002265 -907.624757 
6912080.000000 -1594586.848986 -5627049.855264 3364275.353043 4554.252839 -4078.721692 -4661.813280 
6998481.000000 -2115819.861441 6149460.014722 1819244.833115 -4155.080487 -3109.398409 5665.929101 
7084882.000000 4142146.170607 -1091148.032617 -5214129.379560 668.720134 7580.683178 -1058.556127 
7171283.000000 -3024844.598220 -4970845.205899 3414766.237913 3309.218504 -5183.703901 -4613.912980 
7257684.000000 -466053.008606 6484937.106418 1823494.857324 -4814.869172 -1941.683366 5664.317033 
7344085.000000 3752569.436214 -2032678.816829 -5225687.863892 2538.211675 7186.867494 -976.205736 
7430486.000000 -4156310.031812 -4162146.434336 3304180.169088 1992.441860 -5734.723751 -4717.534356 
7516887.000000 1034662.947828 6358150.144765 2022780.742770 -5204.288146 -929.758279 5575.982684 
7603288.000000 3300073.954103 -2630044.646041 -5263227.583181 4108.061559 6461.311530 -656.364074 
7689689.000000 -5049709.726799 -3300297.981333 3020220.141814 835.450679 -5816.074137 -4959.024708 
7776090.000000 2256239.851700 5889186.477756 2409130.945720 -5492.193830 -96.754845 5373.105352 
7862491.000000 2962560.926607 -2950196.450262 -5293228.401058 5341.984248 5524.232569 -92.742862 
7948892.000000 -5760904.780388 -2425722.099047 2537500.265323 12.134938 -5571.324243 -5299.416015 
8035293.000000 3104984.737620 5211762.306350 2959729.883007 -5800.023071 610.787777 5003.232505 
8121694.000000 2856791.574061 -3115454.073183 -5255737.313734 6206.025271 4476.967607 715.370338 
8208095.000000 -6307527.183747 -1547544.635626 1824572.164180 -367.278423 -5183.053433 -5668.598926 
8294496.000000 3515557.162384 4475258.423743 3627747.919295 -6171.430368 1281.345520 4395.053127 
8380897.000000 3021392.170312 -3271124.946606 -5065039.126248 6653.029752 3428.887491 1749.248011 
8467298.000000 -6656111.956459 -683465.926418 857157.358259 -267.577298 -4853.479148 -5959.174061 
8553699.000000 3458802.533994 3848782.322611 4330609.301653 -6560.955931 1986.306613 3471.241242 
8640100.000000 3407372.086356 -3544711.599003 -4615697.915420 6633.722197 2525.938464 2951.098184 
8726501.000000 -6734943.953207 99143.247065 -361248.628411 255.374881 -4773.057182 -6024.655057 
8812902.000000 2964211.865306 3511343.006620 4939437.630974 -6848.530031 2723.463582 2171.708672 
8899303.000000 3884233.533879 -3995019.344814 -3798811.405246 6133.533280 1960.845535 4201.416603 
8985704.000000 -6474311.777814 657399.588098 -1772082.257950 1046.508982 -5067.325422 -5689.331650 
9072105.000000 2144246.818404 3614122.705433 5276479.653319 -6886.952392 3371.197875 489.233625 
9158506.000000 4274230.638798 -4559700.757161 -2533426.454867 5221.805334 1943.882191 5300.423123 
9244907.000000 -5865806.365673 783932.723508 -3232695.920144 1873.489803 -5725.838278 -4778.727510 
9331308.000000 1196556.226203 4211874.862523 5130525.431977 -6580.015882 3679.944342 -1484.881522 
9417709.000000 4422184.908150 -5025518.589846 -815153.302712 4083.745760 2621.784740 5967.151192 
9504110.000000 -5014925.477336 273340.246266 -4497473.241263 2498.846476 -6540.373243 -3177.530257 
9590511.000000 357073.739815 5182879.058432 4301695.746562 -5966.998388 3331.824630 -3515.691442 
9676912.000000 4287760.155813 -5058116.047594 1224275.647537 2993.705901 3958.456831 5875.996816 
9763313.000000 -4144074.817500 -958134.729512 -5228705.694955 2798.548661 -7102.556182 -913.041117 
9849714.000000 -206285.669490 6185352.553410 2682782.014932 -5261.478063 2083.048668 -5203.222741 
9936115.000000 4013389.589867 -4320816.959314 3267677.859379 2199.055129 5634.180133 4749.602027 
10022516.000000 -3504451.048966 -2742764.531043 -5060912.967294 2876.805170 -6912.053841 1754.438803 
10108917.000000 -525696.683777 6714418.495429 369361.316183 -4779.234801 -43.842030 -6022.831277 
10195318.000000 3894060.285260 -2668083.022360 4812376.676119 1736.697081 7056.555447 2508.542863 
10281719.000000 -3197113.222218 -4608657.559649 -3735159.736934 3080.075790 -5604.043638 4275.618783 
10368120.000000 -898509.680883 6297386.992277 -2238780.457940 -4724.886867 -2623.016588 -5469.481901 
10454521.000000 4194179.720311 -323424.509268 5267248.798509 1292.070362 7556.382637 -560.704768 
10540922.000000 -2989883.227931 -5899513.364997 -1291864.199963 3812.637830 -3216.671385 5858.996273 
10627323.000000 -1765553.968827 4773702.472897 -4419895.514819 -4916.228053 -4894.233426 -3314.357890 
10713724.000000 4854949.216172 2106356.959673 4176859.570010 271.448155 6731.454572 -3702.834624 
10800125.000000 -2305341.447328 -6085783.857978 1747276.868828 5156.411999 -315.681343 5702.849903 
10886526.000000 -3359973.056440 2481493.832625 -5287675.281273 -4667.329902 -6108.997883 102.789919 
10972927.000000 5289053.481090 3887285.736396 1543837.879292 -1800.488847 4747.249672 -5774.700771 
11059328.000000 -542236.945298 -5114390.106202 4351808.203173 6514.001138 2228.213117 3430.692369 
11145729.000000 -5289740.392331 135295.386895 -4170240.153085 -3080.448180 -5990.767013 3713.521831 
11232130.000000 4549845.231269 4603695.451293 -1887471.991386 -4685.849883 2315.154250 -5640.202607 
11318531.000000 2329776.026513 -3486189.321941 5273250.766502 6675.061913 3792.095604 -437.789016 
11404932.000000 -6435636.645125 -1640133.285612 -1130583.870685 220.300942 -4932.438523 5903.316951 
11491333.000000 2001505.998327 4451054.240226 -4647648.892112 -7126.246642 192.272272 -2878.861520 
11577734.000000 5324949.818028 -1848188.271192 3693421.217291 4547.243237 4450.637018 -4319.484702 
11664135.000000 -5525620.774422 -2791630.550802 2653707.601892 4339.498609 -3617.464708 5225.490386 
11750536.000000 -1867881.902334 3972403.668275 -5110485.617874 -7384.506771 -1482.002088 1549.118722 
11836937.000000 6730990.429011 -351547.596922 54.006893 249.888528 4756.213513 -6039.759910 
11923338.000000 -2242627.744508 -3763307.940321 5114279.689207 7204.474717 -2224.464086 1523.041710 
12009739.000000 -5288496.363773 3295223.597108 -2559457.028251 -4567.187700 -3224.134020 5286.703123 
12096140.000000 5307325.160799 1492166.834647 -3874482.685896 -4358.395088 4822.899202 -4108.258663 
12182541.000000 2059074.180385 -4656860.876225 4408499.442977 6933.931328 -92.657539 -3329.513510 
12268942.000000 -6257208.422119 1705152.209682 1816141.004585 234.814569 -5193.909724 5674.615059 
12355343.000000 1562447.220351 3925587.189096 -5246239.279940 -6717.244793 3666.852710 744.353854 
12441744.000000 5031596.178703 -4450590.644107 512865.754299 3511.570151 3273.164610 -6013.021925 
12528145.000000 -4226540.006854 -1483106.307231 5025902.815745 4346.299367 -6069.074823 1862.370597 
12614546.000000 -2342352.239377 5733938.341142 -2646868.755700 -5642.281162 109.238976 5229.527322 
12700947.000000 5184103.520233 -1710231.756033 -3946255.401547 -917.875492 6494.044250 -4017.957190 
12787348.000000 -695282.051341 -5194998.982514 4225566.790113 5681.100341 -3713.753103 -3625.099253 
12873749.000000 -4363052.731046 4585024.949835 2299347.034862 -2308.312820 -4930.295917 5439.747235 
12960150.000000 3085815.475352 3128847.431823 -5103240.483179 -3917.952573 6427.970134 1570.698474 
13046551.000000 2277663.060393 -6322358.972286 -435367.909026 4361.388381 1984.197122 -6023.004272 
13132952.000000 -4193816.481613 -236236.517476 5258791.391700 1138.620669 -7588.314640 565.392896 
13219353.000000 305426.003578 6585465.253602 -1378399.966508 -4806.265759 1443.461153 5833.098804 
13305754.000000 3885853.015908 -2663474.142118 -4810385.697212 1746.112052 7061.775898 -2499.581080 
13392155.000000 -2611426.990777 -5475385.320899 2916472.443263 3730.605631 -4466.761587 -5038.342103 
13478556.000000 -2410422.741437 4921011.429473 3910237.443157 -3982.144059 -5183.457549 4060.392397 
13564957.000000 4116517.367204 3424763.644363 -4082634.495560 -1583.196331 6478.242565 3833.632618 
13651358.000000 268766.917249 -6135720.290057 -2755337.523649 5118.653028 2539.808030 -5156.677820 
13737759.000000 -4576306.645558 -977932.114629 4834853.533608 -1022.732457 -7230.452459 -2429.842591 
13824160.000000 2024132.033518 6246528.823571 1490820.720056 -5055.524538 251.212373 5796.490726 
13910561.000000 4047366.604629 -1333252.400888 -5210498.503149 3512.462450 6770.902734 992.187089 
13996962.000000 -4005581.739792 -5401107.667221 -262517.690527 3972.590124 -2653.869908 -6038.921622 
14083363.000000 -2747144.246166 3153330.586336 5270735.867131 -5480.965307 -5388.408852 363.336090 
14169764.000000 5416509.227825 3906780.994622 -857825.580080 -2188.998376 4344.761843 5962.321094 
14256165.000000 1019927.911070 -4263612.790938 -5104545.087999 6699.008538 3453.916626 -1548.536720 
14342566.000000 -6132948.585465 -2089044.405709 1812358.685985 91.709938 -5200.187042 -5679.127385 
14428967.000000 847218.781358 4650681.508181 4788841.682389 -7140.021269 -1324.995085 2543.519988 
14515368.000000 6209014.615708 250850.513208 -2588331.281789 1986.912775 5247.395562 5266.303522 
14601769.000000 -2563307.242130 -4388278.317882 -4406988.747538 6906.392773 -692.423719 -3327.954421 
14688170.000000 -5751826.978685 1405607.354140 3191505.876709 -3808.496517 -4646.896512 -4815.765431 
14774571.000000 3992721.307621 3638876.421024 4012663.188466 -6159.539747 2421.134452 3925.785106 
14860972.000000 4951495.447867 -2749640.392190 -3633818.316339 5212.772701 3584.126768 4382.423472 
14947373.000000 -5018441.684558 -2577919.309451 -3660484.260335 5112.557509 -3766.028257 -4355.372343 
15033774.000000 -3945961.324327 3753781.072018 3946203.327011 -6167.387462 -2262.476202 -4014.793675 
15120175.000000 5655796.167173 1368168.840994 3379305.139792 -3920.411516 4723.329576 4641.927548 
15206576.000000 2903803.671839 -4436697.848546 -4139461.226832 6667.408116 859.563049 3747.913761 
15292977.000000 -5914996.305583 -151419.216024 -3194350.795176 2738.027157 -5352.833173 -4812.730842 
15379378.000000 -1890309.712007 4863204.253868 4242781.479414 -6789.044487 497.609162 -3595.427993 
15465779.000000 5880375.579845 -976657.823571 3119681.162205 -1638.157070 5726.689622 4874.715256 
15552180.000000 993440.927412 -5114588.068021 -4251982.983630 6601.079899 -1698.490716 3577.832886 
15638581.000000 -5609407.391184 1939632.776799 -3157824.214616 672.203305 -5950.283899 -4843.890078 
15724982.000000 -201807.543863 5261783.885758 4182017.091029 -6198.738345 2692.679049 -3686.943347 
15811383.000000 5194732.364776 -2697836.113796 3313670.511979 159.792307 6091.016537 4703.985851 
15897784.000000 -465621.331511 -5377696.247075 -4008519.799288 5667.268697 -3424.918722 3928.801046 
15984185.000000 -4698615.608591 3219011.468121 -3569902.369332 -878.120088 -6223.993668 -4451.051725 
16070586.000000 1057716.366323 5493411.651241 3729781.848716 -5090.066626 3884.087963 -4276.337483 
16156987.000000 4205417.376959 -3490682.622840 3917675.914072 1512.686134 6370.127675 4048.790788 
16243388.000000 -1582760.315575 -5636304.727058 -3303956.110810 4553.435192 -4046.132203 4712.374458 
16329789.000000 -3776206.474880 3506137.202925 -4313965.951193 -2098.336649 -6543.815707 -3477.040355 
16416190.000000 2078950.535529 5785962.638764 2720357.835328 -4133.164665 3921.576305 -5181.005238 
16502591.000000 3490844.483835 -3271728.642618 4722419.010030 2641.958214 6709.714183 2693.925373 
16588992.000000 -2530123.924899 -5918551.456958 -1935541.280522 3914.306922 -3517.039813 5625.861455 
16675393.000000 -3404007.455032 2813371.585523 -5063302.395477 -3133.584537 -6829.851788 -1685.484239 
16761794.000000 2918865.160945 5979810.272799 955060.724376 -3956.152436 2880.224917 -5948.280891 
16848195.000000 3574792.708775 -2172132.264477 5260314.701503 3507.317969 6838.128118 440.763502 
16934596.000000 -3161210.906236 -5926005.031202 228098.753012 4307.790609 -2067.079800 6044.160132 
17020997.000000 -4008420.260473 1422130.288983 -5198857.176321 -3672.281977 -6695.707814 999.802720 
17107398.000000 3169723.204418 5721877.840108 -1543250.698283 -4950.307913 1178.595761 -5783.171953 
17193799.000000 4679592.284544 -643133.955131 4779690.391496 3486.793788 6371.837794 -2552.968807 
17280200.000000 -2806486.926669 -5369427.934194 2903758.120749 5810.633444 -306.253116 5049.114258 
17366601.000000 -5464643.504401 -72860.317604 -3903827.650957 -2826.854341 -5904.214457 4063.626303 
17453002.000000 1990941.236747 4914560.230436 -4124438.971356 -6704.943187 -449.134972 -3764.253103 
17539403.000000 6186123.176107 671795.158790 2537663.208461 1595.134750 5355.280818 -5300.810483 
17625804.000000 -662008.340745 -4438178.328014 4997696.576392 7381.327247 1062.904154 1922.804532 
17712205.000000 -6576315.941759 -1152381.879592 -725650.804699 185.608176 -4841.809692 5994.497668 
17798606.000000 -1070962.484326 4031726.397113 -5261448.972623 -7533.841873 -1568.620587 333.994171 
17885007.000000 6388126.274600 1592163.215605 -1341290.547247 -2336.361270 4435.355243 -5849.556191 
17971408.000000 3008691.407939 -3732360.674154 4704028.333961 6887.070740 2109.752435 -2725.576435 
18057809.000000 -5418314.695753 -2137414.660208 3339579.732426 4516.137244 -4133.925877 4680.331047 
18144210.000000 -4758059.136613 3468507.453003 -3224703.606105 -5325.373117 -2854.064921 4785.302677 
18230611.000000 3677179.342739 2914848.711253 -4802846.654244 -6241.120194 3768.681009 -2485.306389 
18317012.000000 5923769.544259 -3023331.380577 944088.630320 2944.287973 3907.579838 -5951.672404 
18403413.000000 -1361045.511185 -3949905.877313 5254363.308997 7073.116953 -3019.834327 -434.345712 
18489814.000000 -6146973.792989 2078339.121487 1717107.354688 -146.390160 -5164.027470 5722.714662 
18576215.000000 -1064200.143369 5001717.751306 -4346976.701418 -6734.104234 1536.923343 3416.884074 
18662616.000000 5338199.346492 -387800.918684 -4053575.199831 -2488.509334 6183.852841 -3862.118483 
18749017.000000 3105485.064837 -5577522.713324 2081817.754484 5269.000607 855.490420 -5557.360199 
18835418.000000 -3681108.630437 -2021004.697199 5233481.999737 4403.119048 -6287.519788 671.134616 
18921819.000000 -4331453.659737 5025595.735531 1006013.037271 -3069.202274 -3836.650862 5942.912110 
19008220.000000 1628437.931335 4595714.299963 -4610300.268932 -5270.971763 4800.941369 2924.251260 
19094621.000000 4630882.340090 -2931878.146868 -3874823.804962 676.760397 6490.512423 -4096.558835 
19181022.000000 383038.871633 -6358998.979616 2113837.526863 5131.117190 -1537.013700 -5542.145153 
19267423.000000 -4145410.094657 -496164.333394 5249942.940052 1462.476494 -7553.764710 442.558655 
19353824.000000 -2069852.780337 6218656.063815 1431913.695743 -4235.416976 -2753.587384 5826.381453 
19440225.000000 3110821.414826 4162128.161171 -4243522.194656 -3187.006401 6034.555743 3581.899168 
19526626.000000 3394437.666045 -3718092.113089 -4435522.331455 2761.202227 6413.367142 -3259.008232 
19613027.000000 -1564364.834289 -6447512.662733 1002485.272929 4480.041284 -2013.642994 -5942.492180 
19699428.000000 -4257396.715222 -432751.766571 5162613.929624 -652.059356 -7590.644174 -1171.185902 
19785829.000000 -589689.044960 6002750.046193 2931556.259678 -5046.190557 -2954.411388 5027.339832 
19872230.000000 4207827.942087 4370947.732837 -2859999.298206 -2141.581258 5387.923783 5082.064839 
19958631.000000 3170344.911185 -2813574.327018 -5197476.531038 4140.725897 6428.618861 -953.003715 
20045032.000000 -2520681.443951 -6057935.818188 -1392242.010823 4982.896613 -731.582085 -5838.981886 
20131433.000000 -5149228.375181 -1523583.523559 4014010.794378 -1116.102428 -6550.417091 -3912.100721 
20217834.000000 -941092.726130 4586044.712254 4797258.730516 -6189.623734 -3870.165090 2482.073346 
20304235.000000 4852277.855395 4625328.778410 171253.378241 -3409.613966 3350.269151 6052.597477 
20390636.000000 4763240.812735 -954434.121067 -4621244.087379 3995.801204 5922.906614 2892.997208 
20477037.000000 -1343566.337235 -4916579.202283 -4355118.925722 6826.208814 1143.753442 -3395.586805 
20563438.000000 -6135051.324154 -2639997.797764 573480.104716 1418.532646 -4609.396218 -6020.931508 
20649839.000000 -3789733.448721 2613046.009198 4868966.527817 -5940.931865 -4353.547719 -2285.654871 
20736240.000000 3067062.696232 4322301.980051 4101480.978025 -6626.743005 1101.649473 3787.876415 
20822641.000000 6613475.636230 720251.955381 -828235.302920 218.747436 4865.528276 5980.629733 
20909042.000000 2870018.032013 -3558001.709266 -4900928.752523 6931.438131 2563.505549 2194.843073 
20995443.000000 -4008328.944814 -3399148.025191 -4156557.985291 6177.963477 -2748.883635 -3708.756738 
21081844.000000 -6621004.919219 852373.217064 570212.162199 -1124.143866 -4690.965683 -6023.235560 
21168245.000000 -2340247.517910 4128286.335132 4726504.724497 -7170.905319 -1030.827054 -2648.912693 
21254646.000000 4214559.828265 2627526.931294 4495354.768441 -5824.347087 3965.098531 3136.829396 
21341047.000000 6391783.502504 -2002504.604731 208823.140703 1247.768095 4617.636440 6052.345760 
21427448.000000 2283678.204313 -4667112.988124 -4229064.460052 6822.218176 75.465268 3595.305647 
21513849.000000 -3787742.361599 -2393308.964910 -4977265.343697 5641.774226 -4886.469899 -1944.551453 
21600250.000000 -5977745.792841 2611516.795983 -1513591.723007 -730.184415 -5035.860307 -5803.481706 
21686651.000000 -2545183.576939 5318502.010904 3172237.633894 -6019.424723 2.188525 -4830.008094 
21773052.000000 2929537.756537 2938849.911292 5253702.900053 -5493.490744 5414.835748 31.598941 
21859453.000000 5371741.804751 -2426235.365854 3179659.105778 -139.178152 6021.125947 4821.434943 
21945854.000000 2902449.112896 -5890647.659792 -1317623.175902 4892.658138 1097.025081 5864.632048 
22032255.000000 -1869950.789145 -4294729.683891 -4782808.506748 5241.739305 -5075.987815 2503.426013 
22118656.000000 -4619014.540549 1065353.599289 -4724186.120788 1053.281919 -7171.339462 -2646.891037 
22205057.000000 -3185423.327919 5738167.335127 -1310318.062824 -3693.792440 -3392.168349 -5870.460605 
22291458.000000 857561.110295 5933789.744491 2972591.684725 -4927.981101 3216.283837 -4996.404119 
22377859.000000 3909900.233832 1538301.200360 5207692.141194 -1893.377031 7439.022794 -777.643260 
22464260.000000 3509007.115463 -4037778.053562 4022054.640406 2591.281020 6136.791499 3894.143002 
22550661.000000 175446.817345 -6684347.782415 307108.604428 4776.076556 403.144147 6050.181607 
22637062.000000 -3279824.717378 -4628597.134697 -3548387.176050 2984.196315 -5543.482954 4464.883026 
22723463.000000 -4120147.781157 506585.217128 -5243950.198204 -1257.942618 -7610.317232 250.808622 
22809864.000000 -1731836.425473 5146618.481026 -3903531.997639 -4654.261454 -4641.173633 -4051.010262 
22896265.000000 2100698.089384 6336451.115428 -412920.645838 -4666.688551 1151.890356 -6045.376063 
22982666.000000 4626361.916386 3575200.922607 3246786.716124 -1251.974361 5946.896472 -4762.744233 
23069067.000000 4082866.266727 -1149585.682126 5169600.144806 3264.641795 6915.261730 -1041.305694 
23155468.000000 785616.102699 -4892627.106898 4490755.298778 5922.327015 3831.179479 3134.214962 
23241869.000000 -3231378.557084 -5610490.309881 1676079.637538 5023.442040 -1175.993493 5745.258519 
23328270.000000 -5568402.571130 -3200756.001441 -1859157.252042 1055.912581 -5136.624444 5669.632888 
23414671.000000 -4882707.772888 708020.909620 -4508603.783122 -3734.134876 -6008.367659 3095.487858 
23501072.000000 -1549174.047556 3892646.853319 -5205196.427582 -6756.015818 -3666.845641 -731.230149 
23587473.000000 2701076.344370 4794100.547972 -3791112.168385 -6481.274211 335.377356 -4188.247854 
23673874.000000 5787051.626506 3205212.762711 -949395.003093 -3092.721883 3812.528437 -5965.529584 
23760275.000000 6316320.630984 167445.555022 2176561.071126 1766.781122 5109.037102 -5517.965322 
23846676.000000 4152527.003305 -2720001.574800 4472295.314074 5915.348515 3824.909867 -3163.849385 
23933077.000000 317157.949841 -4131152.857957 5240295.801364 7677.280455 804.257772 169.432787 
24019478.000000 -3597611.885771 -3558980.213390 4360369.535448 6505.436813 -2450.693994 3365.068797 
24105879.000000 -6140237.872206 -1399811.709700 2226271.724117 3021.914608 -4517.332938 5492.155296 
24192280.000000 -6524797.801207 1348665.966817 -460820.944549 -1382.084760 -4613.454059 6044.623974 
24278681.000000 -4810589.538559 3571026.661078 -2946951.618178 -5163.710682 -2811.352664 5015.946541 
24365082.000000 -1738764.593584 4470647.887319 -4641436.676354 -7196.618955 121.568982 2810.478007 
24451483.000000 1636719.352081 3799360.509157 -5236923.881560 -7069.828864 3115.663991 51.898564 
24537884.000000 4338434.745451 1845475.641462 -4723606.721224 -5071.018512 5209.240388 -2617.786565 
24624285.000000 5737867.896490 -751312.003233 -3325844.493115 -1957.710351 5825.735852 -4685.833145 
24710686.000000 5658453.264665 -3251582.481668 -1401287.350477 1348.790348 4872.139589 -5847.308940 
24797087.000000 4325361.798224 -5039958.797013 662982.019918 4042.279289 2677.127693 -6020.431264 
24883488.000000 2217941.778631 -5761719.005467 2533047.298061 5613.250174 -176.537917 -5310.810180 
24969889.000000 -106347.694598 -5355644.064057 3976860.806568 5904.788174 -3050.274089 -3944.746209 
25056290.000000 -2159340.110462 -4003055.546501 4878323.889208 5061.435278 -5411.375757 -2196.317287 
25142691.000000 -3610480.136572 -2031875.758674 5224904.949261 3418.975398 -6923.485317 -327.731033 
25229092.000000 -4312871.604263 185784.984749 5080461.047053 1384.116072 -7465.785867 1448.529696 
25315493.000000 -4281589.969512 2315970.601893 4553814.488178 -663.515157 -7100.840857 2986.519142 
25401894.000000 -3645278.314362 4113165.643977 3770348.766212 -2433.345828 -6015.593071 4207.692004 
25488295.000000 -2590550.702713 5438290.684076 2850465.507303 -3749.378819 -4456.464910 5091.553801 
25574696.000000 -1313223.651604 6251427.639207 1896063.095385 -4546.457588 -2673.308508 5661.090436 
25661097.000000 16179.799900 6589263.209202 984395.879772 -4847.929322 -880.247449 5966.949521 
25747498.000000 1270974.006761 6536876.405041 167669.719463 -4735.531826 764.715699 6073.189222 
25833899.000000 2373156.603034 6201114.509087 -523604.508987 -4320.096792 2164.005778 6046.159013 
25920300.000000 3288685.987686 5689732.165060 -1075327.230007 -3718.297224 3273.702649 5946.937179 
26006701.000000 4017516.155011 5097717.547247 -1484009.154059 -3037.423364 4090.999791 5826.924750 
26093102.000000 4581885.354661 4500312.675223 -1751386.630378 -2367.804434 4640.216899 5725.748189 
26179503.000000 5015130.859589 3951233.038911 -1879981.918112 -1781.178590 4960.208291 5670.491068 
26265904.000000 5352130.190721 3484325.861398 -1869875.206681 -1332.848698 5094.593962 5675.348426 
26352305.000000 5621590.017814 3117107.027753 -1716853.797713 -1065.511566 5085.158397 5740.984949 
26438706.000000 5839904.038750 2855031.325208 -1412146.608074 -1012.909314 4968.059726 5853.138062 
26525107.000000 6006184.440603 2695786.247487 -944099.804949 -1201.725500 4772.094590 5980.353044 
26611508.000000 6098316.047511 2633222.360926 -302334.144512 -1650.367634 4518.064348 6071.230061 
26697909.000000 6070463.826675 2660649.487362 514971.024576 -2363.513085 4218.207271 6052.285066 
26784310.000000 5853337.652589 2773070.772208 1490196.381600 -3321.765352 3874.700917 5828.527065 
26870711.000000 5359546.040985 2967471.431007 2572086.723660 -4466.820604 3476.526486 5290.037360 
26957112.000000 4497207.226521 3239613.083580 3660226.563249 -5684.550834 2994.798300 4328.789442 
27043513.000000 3194960.917114 3575246.742624 4593107.097757 -6791.486643 2378.368335 2869.792452 
27129914.000000 1439643.516434 3934020.633219 5148714.378730 -7533.811722 1554.387884 918.106117 
27216315.000000 -676916.338501 4226948.756727 5070556.526594 -7610.942382 442.301988 -1382.929552 
27302716.000000 -2913952.344456 4294801.400209 4133357.400015 -6736.627553 -1007.127427 -3698.076239 
27389117.000000 -4864377.202566 3906079.555473 2256118.900835 -4746.696234 -2738.593961 -5485.073339 
27475518.000000 -5999314.941688 2806103.575689 -352629.547447 -1745.275340 -4493.880048 -6074.764996 
27561919.000000 -5809593.771564 850001.193330 -3079046.597082 1762.602091 -5740.621581 -4906.590046 
27648320.000000 -4046044.952674 -1781816.559784 -4936144.930910 4858.844630 -5731.386148 -1912.375920 
27734721.000000 -987356.960444 -4372763.062812 -4876897.386151 6423.595932 -3800.425076 2104.872243 
27821122.000000 2414311.032316 -5669686.400688 -2426604.986408 5584.814845 70.804903 5386.382201 
27907523.000000 4703842.047564 -4382565.035479 1578508.251155 2330.306513 4595.351125 5805.221906 
27993924.000000 4561899.469771 -304764.858460 4780521.745324 -2013.674534 7110.011418 2371.510881 
28080325.000000 1764633.912176 4546527.545884 4464070.269149 -5052.317963 5011.410027 -3103.911811 
28166726.000000 -2143964.335671 6251233.517325 115906.177424 -4587.239928 -1459.703840 -6097.773481 
28253127.000000 -4268567.467122 2132831.159963 -4566252.294178 -509.090110 -7194.559046 -2882.443409 
28339528.000000 -2418603.799897 -4705299.359761 -3947654.579560 3995.454303 -5369.289917 3947.482828 
28425929.000000 2098474.981758 -5854936.409069 2198321.084994 4149.349403 3564.579225 5525.341391 
28512330.000000 3968195.258647 1800070.989114 4942100.099662 -1160.462454 7477.437824 -1790.574533 
28598731.000000 -404140.250975 6386223.551018 -1547686.590384 -4861.845457 -1721.802866 -5829.777915 
28685132.000000 -4194833.001187 -2221000.775253 -4548317.384614 685.030322 -7200.013912 2880.729599 
28771533.000000 1801311.589655 -4810121.992710 4083981.704000 4739.429008 4940.265767 3723.473828 
28857934.000000 2123082.038173 6147469.991973 -704751.838749 -4814.444191 965.520902 -6072.023562 
28944335.000000 -nan -nan -nan -nan -nan -nan 
29030736.000000 -nan -nan -nan -nan -nan -nan 
29117137.000000 -nan -nan -nan -nan -nan -nan 
29203538.000000 -nan -nan -nan -nan -nan -nan 
